
pypy
sqrt(int): 1.81961710453 +- 0.00969663499951
sqrt(float): 0.997122144699 +- 0.00475528903922
sqrt(Fix16): 2.14047310352 +- 0.0175369211294
conv3(1e6): 0.765250277519 +- 0.0111246299589
conv5(1e6): 1.08676469326 +- 0.0181131040106
conv3(1e5): 0.675209879875 +- 0.0210395038414
conv5(1e5): 1.05374486446 +- 0.0284513681407
conv3x3(3): 0.0678671360016 +- 0.00108163728271
conv3x3(1000): 0.0530683040619 +- 0.0344658980996
dilate3x3(1000): 0.389708518982 +- 0.00835149413747
NoBorderImagePadded: 1.93399097919 +- 0.0524961558513
NoBorderImagePadded(iter): 0.488634562492 +- 0.0171516205712
NoBorderImagePadded(range): 0.483622479439 +- 0.00925072290815
NoBorderImage: 2.16889901161 +- 0.0157656334579
NoBorderImage(iter): 1.47057991028 +- 0.0233604904862
NoBorderImage(range): 1.39746711254 +- 0.0358702404701
sobel(NoBorderImagePadded): 0.47727098465 +- 0.0285302209995
sobel_uint8(NoBorderImagePadded): 0.513068723679 +- 0.00450907878019

pypy --jit enable_opts=intbounds:rewrite:virtualize:heap
sqrt(int): 2.26462423801 +- 0.0076627615314
sqrt(float): 1.35695979595 +- 0.0251587469884
sqrt(Fix16): 3.93270061016 +- 0.109339327977
conv3(1e6): 1.68973388672 +- 0.0142045606781
conv5(1e6): 1.92141816616 +- 0.034837452752
conv3(1e5): 1.77114777565 +- 0.0558894026315
conv5(1e5): 1.86009068489 +- 0.0184543492536
conv3x3(3): 0.0988693475723 +- 0.00115722747303
conv3x3(1000): 0.0734650850296 +- 0.00267271135671
dilate3x3(1000): 0.411496067047 +- 0.035852331563
NoBorderImagePadded: 2.09047472477 +- 0.117371924965
NoBorderImagePadded(iter): 1.2149545908 +- 0.0217855739412
NoBorderImagePadded(range): 1.11978774071 +- 0.0280553099539
NoBorderImage: 2.22395954132 +- 0.0316863806008
NoBorderImage(iter): 1.44512989521 +- 0.0304946877295
NoBorderImage(range): 1.34203736782 +- 0.0314288487567
sobel(NoBorderImagePadded): 1.01348490715 +- 0.0263135905465
sobel_uint8(NoBorderImagePadded): 1.04967999458 +- 0.0124143422099

gcc -O2
sqrt(float): 0.98 +- 1.24126707662e-16
sqrt(int): 0.806 +- 0.00894427191
sqrt(Fix16): 0.972 +- 0.01788854382
conv3(1e6): 0.84 +- 0.0452769256907
conv5(1e6): 1.074 +- 0.0517687164222
conv3(1e5): 0.702 +- 0.0465832587954
conv5(1e5): 1.03 +- 0.0484767985742
conv3x3(3): 0.274 +- 0.00894427191
conv3x3(1000): 0.242 +- 0.004472135955
dilate3x3(1000): 0.258 +- 0.004472135955
sobel_magnitude: 0.194 +- 0.00894427191

gcc -O3 -march=native -fno-tree-vectorize
sqrt(float): 0.98 +- 1.24126707662e-16
sqrt(int): 0.804 +- 0.00894427191
sqrt(Fix16): 0.96 +- 0.0122474487139
conv3(1e6): 0.744 +- 0.011401754251
conv5(1e6): 0.8 +- 0.0122474487139
conv3(1e5): 0.588 +- 0.0130384048104
conv5(1e5): 0.65 +- 0.0122474487139
conv3x3(3): 0.274 +- 0.00547722557505
conv3x3(1000): 0.25 +- 0.00707106781187
dilate3x3(1000): 0.256 +- 0.00894427191
sobel_magnitude: 0.2 +- 0.0141421356237

python2.7
sqrt(int): 20.8419699669
sqrt(float): 24.2056779861
sqrt(Fix16): 744.34590292
conv3(1e6): 77.1459159851
conv5(1e6): 125.768272161
conv3(1e5): 77.8904190063
conv5(1e5): 122.540805101
conv3x3(3): 23.8474378586
conv3x3(1000): 23.7241849899
dilate3x3(1000): 23.2892370224
NoBorderImagePadded: 543.731127977
NoBorderImagePadded(iter): 546.704558849
NoBorderImagePadded(range): 550.923794985
NoBorderImage: 537.306480885
