
pypy
sqrt(int): 1.81218411922 +- 0.0217793211373
sqrt(float): 0.987752747536 +- 0.010412866907
sqrt(Fix16): 2.21716473103 +- 0.00636762886973
conv3(1e6): 0.756063270569 +- 0.0225483799804
conv5(1e6): 1.07853357792 +- 0.00813703177389
conv3(1e5): 0.731228137016 +- 0.0161735983974
conv5(1e5): 1.05882668495 +- 0.0341698164686
conv3x3(3): 0.0685305118561 +- 0.000278350915493
conv3x3(1000): 0.0520143270493 +- 0.0342524928471
dilate3x3(1000): 0.415372800827 +- 0.044525202511
NoBorderImagePadded: 1.89855155945 +- 0.00727766698755
NoBorderImagePadded(iter): 0.477786374092 +- 0.00111654321125
NoBorderImagePadded(range): 0.451609492302 +- 0.00325743719387
NoBorderImage: 2.22490911484 +- 0.0605514739511
NoBorderImage(iter): 1.46266727448 +- 0.00415733919764
NoBorderImage(range): 1.37843291759 +- 0.0630244441411
sobel(NoBorderImagePadded): 0.463502717018 +- 0.00257025834276
sobel_uint8(NoBorderImagePadded): 0.52193570137 +- 0.0198069947724

pypy --jit enable_opts=intbounds:rewrite:virtualize:heap
sqrt(int): 2.25307536125 +- 0.00499253786735
sqrt(float): 1.35373134613 +- 0.0033224112985
sqrt(Fix16): 3.76334681511 +- 0.0499187749691
conv3(1e6): 1.68589990139 +- 0.00487515973416
conv5(1e6): 1.89262311459 +- 0.00528534075689
conv3(1e5): 1.65629634857 +- 0.0281428596263
conv5(1e5): 1.87937986851 +- 0.0451342539426
conv3x3(3): 0.100474405289 +- 0.00342971298052
conv3x3(1000): 0.0688207149506 +- 0.00054547298268
dilate3x3(1000): 0.415153169632 +- 0.0341885675395
NoBorderImagePadded: 1.9624298811 +- 0.0123395556581
NoBorderImagePadded(iter): 1.1778367281 +- 0.00914555357417
NoBorderImagePadded(range): 1.13030288219 +- 0.00631341257207
NoBorderImage: 2.17767724991 +- 0.0252138424223
NoBorderImage(iter): 1.45121192932 +- 0.0274908528137
NoBorderImage(range): 1.33527753353 +- 0.00819077114708
sobel(NoBorderImagePadded): 1.01328015327 +- 0.0191050555554
sobel_uint8(NoBorderImagePadded): 1.10731520653 +- 0.0325015176484

gcc -O2
sqrt(float): 0.984 +- 0.00547722557505
sqrt(int): 0.796 +- 0.00894427191
sqrt(Fix16): 0.12 +- 0.0
conv3(1e6): 0.754 +- 0.00547722557505
conv5(1e6): 1.01 +- 0.01
conv3(1e5): 0.666 +- 0.00547722557505
conv5(1e5): 0.98 +- 0.0122474487139
conv3x3(3): 0.268 +- 0.004472135955
conv3x3(1000): 0.24 +- 0.0
dilate3x3(1000): 0.26 +- 0.0
sobel_magnitude: 0.19 +- 0.0122474487139

gcc -O3 -march=native -fno-tree-vectorize
sqrt(float): 0.982 +- 0.0109544511501
sqrt(int): 0.788 +- 0.004472135955
sqrt(Fix16): 0.12 +- 0.0
conv3(1e6): 0.73 +- 0.00707106781187
conv5(1e6): 0.758 +- 0.0192353840617
conv3(1e5): 0.572 +- 0.004472135955
conv5(1e5): 0.636 +- 0.00547722557505
conv3x3(3): 0.276 +- 0.00894427191
conv3x3(1000): 0.24 +- 0.0
dilate3x3(1000): 0.252 +- 0.004472135955
sobel_magnitude: 0.182 +- 0.004472135955

python2.7
sqrt(int): 20.7507618427 +- 0.0820766211411
sqrt(float): 24.1753005743 +- 0.0810562636584
sqrt(Fix16): 720.625649452 +- 1.15280139821
conv3(1e6): 77.3019948721 +- 0.459894508642
conv5(1e6): 121.30363183 +- 0.199402921369
conv3(1e5): 78.3221033573 +- 0.153951273532
conv5(1e5): 121.907371497 +- 0.418968304706
conv3x3(3): 23.9262646198 +- 0.00662884454029
conv3x3(1000): 23.9549843311 +- 0.0459730336084
dilate3x3(1000): 23.4804996014 +- 0.0165083869024
NoBorderImagePadded: 545.637593651 +- 0.215675086283
NoBorderImagePadded(iter): 549.07568202 +- 0.198266656745
NoBorderImagePadded(range): 551.072267699 +- 2.18911451251

python2.6 psyco-wrapper.py
